433.54522156715393
433.8164224624634
434.2320206165314
434.5835552215576
434.8395628929138
435.22275853157043
435.5743250846863
435.83021807670593
436.2137053012848
436.58122754096985
436.85283374786377
437.2042760848999
437.4920070171356
437.7634611129761
438.21090292930603
438.53054094314575
438.78679037094116
439.24964809417725
439.58532190322876
439.8568437099457
440.2086067199707
440.51225900650024
440.7679681777954
441.2153115272522
441.53469729423523
441.77459025382996
442.5415368080139
442.79739356040955
443.21285581588745
443.5644929409027
443.8205988407135
444.2195613384247
445.6574945449829
445.91348481178284
446.21724915504456
446.52074575424194
446.79224848747253
447.2239227294922
447.57528924942017
447.83113861083984
448.21467661857605
448.53406524658203
448.7897379398346
449.22115898132324
428.2079827785492
428.575021982193
428.8148555755615
429.2145981788635
429.5658483505249
429.82253646850586
430.2054636478424
430.5406024456024
430.79638051986694
431.22771310806274
431.56336975097656
431.83538007736206
432.2027111053467
432.49015402793884
432.74605989456177
433.25717186927795
